imu0:
  T_i_b:
  - [1.0, 0.0, 0.0, 0.0]
  - [0.0, 1.0, 0.0, 0.0]
  - [0.0, 0.0, 1.0, 0.0]
  - [0.0, 0.0, 0.0, 1.0]
  accelerometer_noise_density: 0.017333
  accelerometer_random_walk: 0.003611
  accelerometers:
    M:
    - [0.9843220563903673, 0.0, 0.0]
    - [-0.00964063848732077, 0.9811528214492599, 0.0]
    - [0.02546174289022023, 0.0008969076281323283, 0.977443079230966]
  gyroscope_noise_density: 0.0015974
  gyroscope_random_walk: 5.6388e-05
  gyroscopes:
    A:
    - [-3.4788557699084016e-05, -0.00010796724791377639, 0.0001862150246973938]
    - [-1.658293380043836e-05, 3.6442146873762834e-05, -0.00027187029291586486]
    - [0.0001597546785325858, 7.769082973837107e-05, -6.937227502956283e-05]
    C_gyro_i:
    - [0.9999943246457424, 0.0005434925267143295, -0.0033249499512923945]
    - [-0.0005326796477100495, 0.9999945701503183, 0.003252064309437291]
    - [0.0033266993699625335, -0.0032502747196515593, 0.9999891843342849]
    M:
    - [0.9889250500073062, 0.0, 0.0]
    - [-4.659447029685764e-05, 0.9915826070765823, 0.0]
    - [0.0015258685939380477, 0.007084686858594692, 0.9972600821293319]
  model: scale-misalignment
  rostopic: /camera/imu
  time_offset: 0.0
  update_rate: 200
imu1:
  T_i_b:
  - [0.9999954571804308, 0.0023348540262827133, -0.0019063250449577553, -0.012034244261993298]
  - [0.0017039554379139172, 0.08380340011494619, 0.9964808511281287, 0.023763881959034748]
  - [0.002486393847861874, -0.9964795725883446, 0.08379904092400531, -0.1487085539332768]
  - [0.0, 0.0, 0.0, 1.0]
  accelerometer_noise_density: 0.0090815
  accelerometer_random_walk: 0.00068738
  accelerometers:
    M:
    - [1.0067886605208658, 0.0, 0.0]
    - [-0.00016487858669112543, 1.0018627959510005, 0.0]
    - [0.003513332522239426, -0.0034190293680935097, 1.0070096090892349]
  gyroscope_noise_density: 0.00045426
  gyroscope_random_walk: 1.7804e-05
  gyroscopes:
    A:
    - [-1.1973888312601635e-05, -0.0002347333476440975, 0.00018147685292041693]
    - [0.00032023797929944846, -0.00013369643814293392, 6.484588945149461e-05]
    - [8.251062697027483e-05, 0.0002627710448888386, 0.00020824241173738255]
    C_gyro_i:
    - [0.99993284772991, -0.007321390665675739, 0.0089831658936377]
    - [0.0073518864944263455, 0.9999673078154537, -0.003366461834936959]
    - [-0.008958225032065836, 0.0034322789853931984, 0.9999539837738738]
    M:
    - [0.8623152041359442, 0.0, 0.0]
    - [0.0015668737086602515, 0.8829328235399099, 0.0]
    - [0.002068471984583883, -0.012319554861809712, 0.8751908141588398]
  model: scale-misalignment
  rostopic: /imu_chatter_B1
  time_offset: 0.0
  update_rate: 105.0
imu2:
  T_i_b:
  - [0.9999935025993001, 0.0002067918022825143, 0.0035988882081533797, -0.012490935051393816]
  - [-0.003603716339437424, 0.08209936960799491, 0.9966176331665597, 0.021829718255727996]
  - [-8.937409662999212e-05, -0.9966241271146916, 0.08209958139449003, -0.07147962418519861]
  - [0.0, 0.0, 0.0, 1.0]
  accelerometer_noise_density: 0.0064347
  accelerometer_random_walk: 0.00057709
  accelerometers:
    M:
    - [1.0068444561026795, 0.0, 0.0]
    - [-0.0013693216968147153, 0.9981546098653556, 0.0]
    - [0.007110708246489197, -0.001417073341060579, 1.009652949207838]
  gyroscope_noise_density: 0.00048461
  gyroscope_random_walk: 5.2463e-05
  gyroscopes:
    A:
    - [7.472135328362004e-05, 0.00020768324831197245, -6.120748961569671e-05]
    - [0.00023204367987441472, 0.00014372991117946987, -0.00045687757553645563]
    - [7.591801237261571e-05, 0.0003201566970232771, -7.173847983534e-05]
    C_gyro_i:
    - [0.9999853023239859, 0.0008669748525596853, -0.00535196137980088]
    - [-0.0008576081996507661, 0.9999980971821605, 0.0017521815640452012]
    - [0.005353470293346437, -0.0017475659250847243, 0.9999841430588562]
    M:
    - [0.8637694533439392, 0.0, 0.0]
    - [0.001850306721331423, 0.8738853001849585, 0.0]
    - [-0.01568705381941783, -0.002587935821508085, 0.8675635280131061]
  model: scale-misalignment
  rostopic: /imu_chatter_B2
  time_offset: 0.0008125000000000001
  update_rate: 105.0
imu3:
  T_i_b:
  - [0.9999578824756792, -0.007896134398342351, -0.004678069721515442, -0.012937550720053119]
  - [0.005521612073932939, 0.11043311115519444, 0.9938682205205526, 0.020525457709254992]
  - [-0.00733110324992377, -0.9938521917378601, 0.11047205937698074, 0.005866060537047356]
  - [0.0, 0.0, 0.0, 1.0]
  accelerometer_noise_density: 0.0063169
  accelerometer_random_walk: 0.00063618
  accelerometers:
    M:
    - [1.0035345146353705, 0.0, 0.0]
    - [-0.0019903120108592, 0.9993266004510527, 0.0]
    - [0.00876209056138892, 0.000788843454762016, 0.9942309827246059]
  gyroscope_noise_density: 0.00050155
  gyroscope_random_walk: 0.00012438
  gyroscopes:
    A:
    - [2.1487488367070687e-05, 0.0002101879953308209, 0.0001549098317991632]
    - [9.14131070363466e-05, -5.523704039503881e-05, -0.000174685083665046]
    - [6.352073146699329e-05, 0.000304866272657414, -4.268268808484731e-05]
    C_gyro_i:
    - [0.9999686663399425, 0.006837875953475754, 0.003988707906342864]
    - [-0.006821540072369456, 0.9999683488575889, -0.00409485946875917]
    - [-0.004016581800275173, 0.004067522031004496, 0.9999836610341039]
    M:
    - [0.8710749242413586, 0.0, 0.0]
    - [0.014714809860154622, 0.8795345550472826, 0.0]
    - [0.000372873144321399, -0.006830072141064297, 0.8717506381994413]
  model: scale-misalignment
  rostopic: /imu_chatter_B3
  time_offset: 0.0015
  update_rate: 105.0
imu4:
  T_i_b:
  - [0.99997426718641, -0.006065342877448698, 0.003831002581728692, -0.012830989863259814]
  - [-0.0034807523204498435, 0.05673956100909089, 0.9983829458578404, 0.02160852503234203]
  - [-0.006272904294337081, -0.9983705894267292, 0.056716988984249206, 0.08229916082150696]
  - [0.0, 0.0, 0.0, 1.0]
  accelerometer_noise_density: 0.0061768
  accelerometer_random_walk: 0.00059739
  accelerometers:
    M:
    - [1.0073853487663278, 0.0, 0.0]
    - [-0.00011428679816457912, 0.9897030324357753, 0.0]
    - [0.006023928789731069, -0.001693452925442081, 0.9910166406717835]
  gyroscope_noise_density: 0.00053415
  gyroscope_random_walk: 3.8897e-05
  gyroscopes:
    A:
    - [-7.398197348169988e-05, 2.4752443151606797e-05, 9.941003073140479e-05]
    - [-1.3465949717504625e-05, -0.00017599619778790163, 0.00015826442526726796]
    - [3.880885112009536e-05, 0.00018968001209236952, 0.00012620150548026316]
    C_gyro_i:
    - [0.9999908534225171, 0.002800219455677289, 0.003232930915664151]
    - [-0.0027929178378532224, 0.9999935441231043, -0.002260823315454276]
    - [-0.003239240845693932, 0.002251773326235741, 0.9999922183875385]
    M:
    - [0.8686651651934979, 0.0, 0.0]
    - [-0.000492002383407138, 0.8713090523085487, 0.0]
    - [-0.0034888161396177, 0.0016117412524507037, 0.8646577823992685]
  model: scale-misalignment
  rostopic: /imu_chatter_B4
  time_offset: 0.00125
  update_rate: 105.0
imu5:
  T_i_b:
  - [0.9999819641258099, 0.003959855396342512, -0.004515635982549041, -0.01422771824736651]
  - [0.004246336215597933, 0.06556296619359236, 0.9978393989478676, 0.021045796867073988]
  - [0.0042473582178733146, -0.9978405769506156, 0.06554496883080463, 0.15991855677564024]
  - [0.0, 0.0, 0.0, 1.0]
  accelerometer_noise_density: 0.0062861
  accelerometer_random_walk: 0.00027772
  accelerometers:
    M:
    - [1.00071453313461, 0.0, 0.0]
    - [-0.00010057338646622271, 0.9922191272341674, 0.0]
    - [0.004892980738911679, -0.0009461030268675793, 1.0012410017324331]
  gyroscope_noise_density: 0.00052893
  gyroscope_random_walk: 2.317e-05
  gyroscopes:
    A:
    - [9.637951557128515e-05, 0.00010164195315212747, -0.000521259254235437]
    - [0.00030065584562102116, -2.6835166065433133e-05, -0.00034303185157160304]
    - [0.00011806441172869374, 0.0002497846186384214, -7.471334700041985e-05]
    C_gyro_i:
    - [0.9999429284152248, -0.008959760420561269, 0.005819158495091355]
    - [0.00897133554175727, 0.9999578239211953, -0.0019660919066398336]
    - [-0.0058012973533557895, 0.0020181853220890395, 0.9999811357605822]
    M:
    - [0.8664031579862193, 0.0, 0.0]
    - [-0.016621047932816088, 0.8738155547534068, 0.0]
    - [-0.0024691653745158655, -0.00022467756364744632, 0.8682782180670173]
  model: scale-misalignment
  rostopic: /imu_chatter_B5
  time_offset: 0.0
  update_rate: 105.0
